1    24-01-2020         0       3
23   15-02-2020         1       7
25   17-02-2020         1       6
26   18-02-2020         1       4
30   22-02-2020         1       1
32   24-02-2020         1       0
33   25-02-2020         1       2
34   26-02-2020         2       5
35   27-02-2020         2       25
36   28-02-2020         2       44
37   29-02-2020         2       86
38   01-03-2020         2       116
39   02-03-2020         3       176
40   03-03-2020         4       196
41   04-03-2020         4       269
42   05-03-2020         7       404
43   06-03-2020         9       632
44   07-03-2020         16      921
45   08-03-2020         19      1178
46   09-03-2020         30      1370
47   10-03-2020         33      1739
48   11-03-2020         48      2221
49   12-03-2020         61      2803
50   13-03-2020         79      3570
51   14-03-2020         91      4396
52   15-03-2020         127     5284
53   16-03-2020         148     6473
54   17-03-2020         175     6953
55   18-03-2020         264     8268
56   19-03-2020         372     9328
57   20-03-2020         450     10575
58   21-03-2020         562     12310
59   22-03-2020         674     13144
60   23-03-2020         860     16796
61   24-03-2020         1100    17923
62   25-03-2020         1331    20002
63   26-03-2020         1696    22511
64   27-03-2020         1995    25269
65   28-03-2020         2314    29561
66   29-03-2020         2606    30366
67   30-03-2020         3024    33599
68   31-03-2020         3523    39161
69   01-04-2020         4032    42022
70   02-04-2020         5387    41290
71   03-04-2020         6507    43823
72   04-04-2020         7560    45607
73   05-04-2020         8078    46217
74   06-04-2020         8911    48229
75   07-04-2020         10328   48502
76   08-04-2020         10869   49925
77   09-04-2020         12210   50918
78   10-04-2020         13197   52547
79   11-04-2020         13832   53567
80   12-04-2020         14393   53824
81   13-04-2020         14967   55391
82   14-04-2020         15729   59039
83   15-04-2020         17167   58084
84   16-04-2020         17920   58115
85   17-04-2020         18681   56151
86   18-04-2020         19323   56515
87   19-04-2020         19718   56310
88   20-04-2020         20265   56983
89   21-04-2020         20796   57347
90   22-04-2020         21340   57154
91   23-04-2020         21856   56860
92   24-04-2020         22245   56839
93   25-04-2020         22614   56906
94   26-04-2020         22856   56816
95   27-04-2020         23293   59533
96   28-04-2020         23660   59313
97   29-04-2020         24087   56127
98   30-04-2020         24376   55729
99   01-05-2020         24594   55379
100  02-05-2020         24760   55657
101  03-05-2020         24895   55608
102  04-05-2020         25201   55291
103  05-05-2020         25531   54700
104  06-05-2020         25809   57369
105  07-05-2020         25987   56765
106  08-05-2020         26230   56409
107  09-05-2020         26310   56506
108  10-05-2020         26380   56466
109  11-05-2020         26643   56152
110  12-05-2020         26991   55451
111  13-05-2020         27074   54987
112  14-05-2020         27425   54326
113  15-05-2020         27529   53942
114  16-05-2020         27625   53600
115  17-05-2020         28108   53090
116  18-05-2020         28239   52936
117  19-05-2020         28022   52842
118  20-05-2020         28132   52359
119  21-05-2020         28215   52090
120  22-05-2020         28289   52058
121  23-05-2020         28332   51927
122  24-05-2020         28367   51937
123  25-05-2020         28432   51648
124  26-05-2020         28530   51146
125  27-05-2020         28596   50566
126  28-05-2020         28662   53218
127  29-05-2020         28714   53151
128  30-05-2020         28771   54457
129  31-05-2020         28802   54596
130  01-06-2020         28833   54818
131  02-06-2020         28940   53573
132  03-06-2020         29021   53201
133  04-06-2020         29065   53403
134  05-06-2020         29111   53440
135  06-06-2020         29142   53686
136  07-06-2020         29155   53980
137  08-06-2020         29209   53917
138  09-06-2020         29296   53789
139  10-06-2020         29319   53985
140  11-06-2020         29346   54066
141  12-06-2020         29374   54341
142  13-06-2020         29398   54607
143  14-06-2020         29407   54954
144  15-06-2020         29436   54892
145  16-06-2020         29547   54834
146  17-06-2020         29575   54932
147  18-06-2020         29603   55151
148  19-06-2020         29617   55718
149  20-06-2020         29633   56148
150  21-06-2020         29640   56365
151  22-06-2020         29663   56475
152  23-06-2020         29720   56676
153  24-06-2020         29731   56515
154  25-06-2020         29752   56270
155  26-06-2020         29778   57832
156  27-06-2020         29786   58048
157  28-06-2020         29795   58561
158  29-06-2020         29813   58823
159  30-06-2020         29843   58709
160  01-07-2020         29861   59344
161  02-07-2020         29875   59726
162  03-07-2020         29893   60032
163  04-07-2020         29900   60485
164  05-07-2020         29907   61098
165  06-07-2020         29920   61132
166  07-07-2020         29933   61247
167  08-07-2020         29965   61548
168  09-07-2020         29979   61970
169  10-07-2020         30004   62360
170  11-07-2020         30008   63050
171  12-07-2020         30011   63715
172  13-07-2020         30029   63776
173  14-07-2020         30100   64143
174  15-07-2020         30120   64389
175  16-07-2020         30113   64689
176  17-07-2020         30127   65314
177  18-07-2020         30136   66170
178  19-07-2020         30144   67027
179  20-07-2020         30152   67369
180  21-07-2020         30165   67439
181  22-07-2020         30172   68207
182  23-07-2020         30182   68744