1    27-01-2020       0      1
19   15-02-2020       0      13
21   17-02-2020       0      9
22   18-02-2020       0      7
28   24-02-2020       0      2
29   25-02-2020       0      3
30   26-02-2020       0      11
31   27-02-2020       0      32
32   28-02-2020       0      58
33   29-02-2020       0      63
34   01-03-2020       0      114
35   02-03-2020       0      149
36   03-03-2020       0      187
37   04-03-2020       0      246
38   05-03-2020       0      528
39   06-03-2020       0      652
40   07-03-2020       0      782
41   08-03-2020       0      1022
42   09-03-2020       2      1204
43   10-03-2020       2      1545
44   11-03-2020       3      1938
45   12-03-2020       6      2714
46   13-03-2020       8      3621
47   14-03-2020       9      4544
48   15-03-2020       13     5754
49   16-03-2020       17     7188
50   17-03-2020       26     9274
51   18-03-2020       28     12194
52   19-03-2020       44     15161
53   20-03-2020       68     19600
54   21-03-2020       84     22071
55   22-03-2020       94     24513
56   23-03-2020       123    28480
57   24-03-2020       159    29542
58   25-03-2020       206    33570
59   26-03-2020       267    37998
60   27-03-2020       351    43862
61   28-03-2020       433    48781
62   29-03-2020       541    52683
63   30-03-2020       645    52740
64   31-03-2020       775    54933
65   01-04-2020       931    58350
66   02-04-2020       1107   61247
67   03-04-2020       1275   65309
68   04-04-2020       1444   68248
69   05-04-2020       1584   69839
70   06-04-2020       1810   72865
71   07-04-2020       2016   69566
72   08-04-2020       2349   64647
73   09-04-2020       2607   63221
74   10-04-2020       2736   65522
75   11-04-2020       2871   65181
76   12-04-2020       3022   64532
77   13-04-2020       3194   62578
78   14-04-2020       3495   60515
79   15-04-2020       3804   58349
80   16-04-2020       4052   56646
81   17-04-2020       4352   53931
82   18-04-2020       4538   53786
83   19-04-2020       4642   53100
84   20-04-2020       4862   50703
85   21-04-2020       5086   48167
86   22-04-2020       5315   45933
87   23-04-2020       5575   44254
88   24-04-2020       5760   42439
89   25-04-2020       5877   40836
90   26-04-2020       5976   39794
91   27-04-2020       6126   38132
92   28-04-2020       6314   36198
93   29-04-2020       6467   34672
94   30-04-2020       6623   32886
95   01-05-2020       6736   30441
96   02-05-2020       6812   29155
97   03-05-2020       6866   28198
98   04-05-2020       6993   26459
99   05-05-2020       6993   24914
100  06-05-2020       7275   23191
101  07-05-2020       7392   22138
102  08-05-2020       7510   21378
103  09-05-2020       7549   20475
104  10-05-2020       7569   19910
105  11-05-2020       7661   19298
106  12-05-2020       7738   18233
107  13-05-2020       7861   17537
108  14-05-2020       7928   16747
109  15-05-2020       8001   15998
110  16-05-2020       8027   15617
111  17-05-2020       8049   15202
112  18-05-2020       8123   14566
113  19-05-2020       8193   13934
114  20-05-2020       8270   13361
115  21-05-2020       8309   12712
116  22-05-2020       8352   12361
117  23-05-2020       8366   11720
118  24-05-2020       8371   11657
119  25-05-2020       8428   11161
120  26-05-2020       8498   10790
121  27-05-2020       8533   10562
122  28-05-2020       8570   10682
123  29-05-2020       8594   10325
124  30-05-2020       8600   9794
125  31-05-2020       8605   9689
126  01-06-2020       8618   9247
127  02-06-2020       8674   9017
128  03-06-2020       8699   8426
129  04-06-2020       8736   8387
130  05-06-2020       8763   8151
131  06-06-2020       8769   8027
132  07-06-2020       8831   7993
133  08-06-2020       8844   7822
134  09-06-2020       8851   7485
135  10-06-2020       8844   6966
136  11-06-2020       8851   6744
137  12-06-2020       8863   6788
138  13-06-2020       8867   6656
139  14-06-2020       8870   6601
140  15-06-2020       8885   6559
141  16-06-2020       8910   6372
142  17-06-2020       8927   6977
143  18-06-2020       8946   7080
144  19-06-2020       8960   7300
145  20-06-2020       8961   7555
146  21-06-2020       8962   7713
147  22-06-2020       8969   7850
148  23-06-2020       8986   8092
149  24-06-2020       9003   7951
150  25-06-2020       9012   7973
151  26-06-2020       9026   8273
152  27-06-2020       9026   8163
153  28-06-2020       9029   8135
154  29-06-2020       9041   8251
155  30-06-2020       9052   7680
156  01-07-2020       9061   7463
157  02-07-2020       9064   7353
158  03-07-2020       9073   6927
159  04-07-2020       9081   7037
160  05-07-2020       9086   6772
161  06-07-2020       9092   6765
162  07-07-2020       9103   6552
163  08-07-2020       9115   6950
164  09-07-2020       9125   6473
165  10-07-2020       9130   6458
166  11-07-2020       9134   6178
167  12-07-2020       9134   6216
168  13-07-2020       9139   6197
169  14-07-2020       9144   6122
170  15-07-2020       9148   6104
171  16-07-2020       9157   6279
172  17-07-2020       9160   5985
173  18-07-2020       9162   5910
174  19-07-2020       9163   5882
175  20-07-2020       9173   6514
176  21-07-2020       9180   6610
177  22-07-2020       9182   6688
178  23-07-2020       9187   6359