1    31-01-2020            0       1
10   09-02-2020            0       2
25   24-02-2020            1       1
26   25-02-2020            1       7
27   26-02-2020            1       11
28   27-02-2020            1       23
29   28-02-2020            1       31
30   29-02-2020            1       56
31   01-03-2020            1       82
32   02-03-2020            1       118
33   03-03-2020            2       162
34   04-03-2020            2       224
35   05-03-2020            3       276
36   06-03-2020            8       387
37   07-03-2020            10      485
38   08-03-2020            17      625
39   09-03-2020            30      1169
40   10-03-2020            36      1524
41   11-03-2020            55      2039
42   12-03-2020            86      2871
43   13-03-2020            133     4906
44   14-03-2020            196     5678
45   15-03-2020            294     7177
46   16-03-2020            342     9070
47   17-03-2020            533     10265
48   18-03-2020            638     13050
49   19-03-2020            833     16139
50   20-03-2020            1093    18890
51   21-03-2020            1381    21990
52   22-03-2020            1813    24421
53   23-03-2020            2342    29470
54   24-03-2020            2994    35273
55   25-03-2020            3650    40501
56   26-03-2020            4368    46406
57   27-03-2020            5138    51224
58   28-03-2020            5982    54968
59   29-03-2020            6803    58598
60   30-03-2020            7716    63460
61   31-03-2020            8464    68200
62   01-04-2020            9387    72084
63   02-04-2020            10348   74974
64   03-04-2020            11198   77488
65   04-04-2020            11947   80002
66   05-04-2020            12641   80925
67   06-04-2020            13341   82897
68   07-04-2020            14045   84689
69   08-04-2020            14792   85407
70   09-04-2020            15447   85610
71   10-04-2020            16081   86524
72   11-04-2020            16606   87312
73   12-04-2020            17209   87231
74   13-04-2020            17756   87616
75   14-04-2020            18225   88301
76   15-04-2020            18812   90994
77   16-04-2020            19130   91021
78   17-04-2020            19478   96564
79   18-04-2020            20043   98382
80   19-04-2020            20453   98338
81   20-04-2020            20852   97464
82   21-04-2020            21282   98958
83   22-04-2020            21717   99440
84   23-04-2020            22157   100106
85   24-04-2020            22524   88111
86   25-04-2020            22902   87295
87   26-04-2020            23190   85712
88   27-04-2020            23521   85069
89   28-04-2020            23822   84403
90   29-04-2020            24275   79695
91   30-04-2020            24543   76842
92   01-05-2020            24824   75714
93   02-05-2020            25100   74234
94   03-05-2020            25264   73300
95   04-05-2020            25428   71240
96   05-05-2020            25613   70230
97   06-05-2020            25857   68466
98   07-05-2020            26070   66866
99   08-05-2020            26299   65410
100  09-05-2020            26478   63148
101  10-05-2020            26621   61603
102  11-05-2020            26744   63653
103  12-05-2020            26856   62194
104  13-05-2020            26966   60902
105  14-05-2020            27098   59068
106  15-05-2020            27194   58206
107  16-05-2020            27256   56996
108  17-05-2020            27308   54466
109  18-05-2020            27343   53887
110  19-05-2020            27384   54461
111  20-05-2020            27450   55116
112  21-05-2020            27502   55657
113  22-05-2020            27572   57374
114  23-05-2020            27622   57790
115  24-05-2020            27696   58198
116  25-05-2020            27768   57754
117  26-05-2020            27843   58538
118  27-05-2020            27885   59006
119  28-05-2020            27922   60106
120  29-05-2020            27952   60734
121  30-05-2020            27990   61360
122  31-05-2020            28030   61521
123  01-06-2020            28058   61702
124  02-06-2020            28078   61976
125  03-06-2020            28108   62340
126  04-06-2020            28133   62649
127  05-06-2020            28163   62937
128  06-06-2020            28178   63254
129  07-06-2020            28197   63475
130  08-06-2020            28209   63630
131  09-06-2020            28226   63862
132  10-06-2020            28236   64166
133  11-06-2020            28259   64570
134  12-06-2020            28275   65056
135  13-06-2020            28284   65443
136  14-06-2020            28291   65759
137  15-06-2020            28299   65932
138  16-06-2020            29306   66144
139  17-06-2020            28312   66493
140  18-06-2020            28315   67075
141  19-06-2020            28315   67382
142  20-06-2020            28322   67738
143  21-06-2020            28323   68071
144  22-06-2020            28324   68302
145  23-06-2020            28325   68549
146  24-06-2020            28327   68881
147  25-06-2020            28330   69278
148  26-06-2020            28338   69689
149  27-06-2020            28341   70250
150  28-06-2020            28343   70549
151  29-06-2020            28346   70746
152  30-06-2020            28355   71038
153  01-07-2020            28363   71418
154  02-07-2020            28368   71857
155  03-07-2020            28385   72282
156  04-07-2020            28385   72697
157  05-07-2020            28385   73112
158  06-07-2020            28388   73523
159  07-07-2020            28392   73860
160  08-07-2020            28396   74239
161  09-07-2020            28401   74777
162  10-07-2020            28403   75627
163  11-07-2020            28404   76308
164  12-07-2020            28305   76989
165  13-07-2020            28406   77669
166  14-07-2020            28409   78332
167  15-07-2020            28413   79203
168  16-07-2020            28416   80561
169  17-07-2020            28420   81957
170  18-07-2020            28420   83484
171  19-07-2020            28420   85011
172  20-07-2020            28422   86536
173  21-07-2020            28424   87892
174  22-07-2020            28426   89247
175  23-07-2020            28429   91859